year,sex,age,qx,lx,lx/l0,dx,ex
2011,M,0,0.004965662,100000,1,496.5662496,86.93898649
2012,M,1,0.000341036,99503.43375,0.995034338,33.93422653,86.37035535
2013,M,2,0.000180169,99469.49952,0.994694995,17.92136,85.3996502
2014,M,3,0.000136147,99451.57816,0.994515782,13.53999956,84.41494928
2015,M,4,0.000114039,99438.03816,0.994380382,11.33978773,83.42637557
2016,M,5,0.000105435,99426.69838,0.994266984,10.48307566,82.43583347
2017,M,6,7.34595E-05,99416.2153,0.994162153,7.303063729,81.4444733
2018,M,7,7.83514E-05,99408.91224,0.994089122,7.788830787,80.45041988
2019,M,8,6.56124E-05,99401.12341,0.994011234,6.521947148,79.4566846
2020,M,9,6.08208E-05,99394.60146,0.993946015,6.045258151,78.46186548
2021,M,10,6.0592E-05,99388.5562,0.993885562,6.022152825,77.46660747
2022,M,11,6.42069E-05,99382.53405,0.99382534,6.381041893,76.47127131
2023,M,12,7.03455E-05,99376.15301,0.99376153,6.990662858,75.47614951
2024,M,13,8.22045E-05,99369.16234,0.993691623,8.168594941,74.48142411
2025,M,14,9.8347E-05,99360.99375,0.993609937,9.771856871,73.48750622
2026,M,15,0.000119343,99351.22189,0.993512219,11.85687865,72.49468503
2027,M,16,0.000144475,99339.36501,0.99339365,14.35207032,71.50327812
2028,M,17,0.000174759,99325.01294,0.993250129,17.35794866,70.51353781
2029,M,18,0.000207498,99307.65499,0.99307655,20.606181,69.52577545
2030,M,19,0.000239043,99287.04881,0.992870488,23.73388416,68.54010116
2031,M,20,0.000263179,99263.31493,0.992633149,26.12400053,67.55636957
2032,M,21,0.000277924,99237.19093,0.992371909,27.58039457,66.57402203
2033,M,22,0.000287416,99209.61053,0.992096105,28.51440617,65.59239069
2034,M,23,0.000291754,99181.09613,0.991810961,28.93644196,64.61110465
2035,M,24,0.000296144,99152.15969,0.991521597,29.3633259,63.62981475
2036,M,25,0.000304547,99122.79636,0.991227964,30.1875928,62.64851581
2037,M,26,0.000317792,99092.60877,0.990926088,31.49086647,61.66744875
2038,M,27,0.000336497,99061.1179,0.990611179,33.33381107,60.68689347
2039,M,28,0.000359957,99027.78409,0.990277841,35.64576343,59.70715302
2040,M,29,0.000388444,98992.13833,0.989921383,38.45287474,58.72847274
2041,M,30,0.000419925,98953.68545,0.989536855,41.553087,57.75110001
2042,M,31,0.000455072,98912.13236,0.989121324,45.01217702,56.77515126
2043,M,32,0.000494145,98867.12019,0.988671202,48.8547014,55.80077218
2044,M,33,0.000537013,98818.26549,0.988182655,53.06665806,54.8281123
2045,M,34,0.000585419,98765.19883,0.987651988,57.81899947,53.85730285
2046,M,35,0.000639718,98707.37983,0.987073798,63.14487359,52.88855752
2047,M,36,0.000701004,98644.23495,0.98644235,69.15004627,51.92209287
2048,M,37,0.00076936,98575.08491,0.985750849,75.83976722,50.95816527
2049,M,38,0.000843443,98499.24514,0.984992451,83.0785475,49.99701567
2050,M,39,0.000922265,98416.16659,0.984161666,90.76574281,49.03879885
2051,M,40,0.001005491,98325.40085,0.983254009,98.86531646,48.08360579
2052,M,41,0.001091241,98226.53553,0.982265355,107.1888009,47.13149884
2053,M,42,0.001176032,98119.34673,0.981193467,115.3914506,46.18244062
2054,M,43,0.001260405,98003.95528,0.980039553,123.5246813,45.23622787
2055,M,44,0.001344489,97880.4306,0.978804306,131.5991744,44.29268479
2056,M,45,0.001430263,97748.83143,0.977488314,139.80651,43.35164285
2057,M,46,0.001514674,97609.02492,0.976090249,147.8458439,42.41301974
2058,M,47,0.001595644,97461.17907,0.974611791,155.5133181,41.47660061
2059,M,48,0.001675135,97305.66576,0.973056658,163.000124,40.54208916
2060,M,49,0.001754636,97142.66563,0.971426656,170.4500199,39.60927761
2061,M,50,0.001838149,96972.21561,0.969722156,178.2493737,38.67802078
2062,M,51,0.001928642,96793.96624,0.967939662,186.6808869,37.7483269
2063,M,52,0.002030526,96607.28535,0.966072854,196.1635721,36.8203044
2064,M,53,0.002150403,96411.12178,0.964111218,207.3227974,35.89420376
2065,M,54,0.002297774,96203.79898,0.96203799,221.0546284,34.9704796
2066,M,55,0.002481354,95982.74435,0.959827444,238.1671804,34.0498674
2067,M,56,0.002702015,95744.57717,0.957445772,258.703247,33.13332359
2068,M,57,0.00295792,95485.87393,0.954858739,282.4396033,32.2217382
2069,M,58,0.00324284,95203.43432,0.952034343,308.7294899,31.31584694
2070,M,59,0.003549841,94894.70483,0.948947048,336.8611301,30.41610291
2071,M,60,0.003868961,94557.8437,0.945578437,365.840606,29.52267865
2072,M,61,0.004199188,94192.0031,0.941920031,395.52993,28.63540239
2073,M,62,0.004544795,93796.47317,0.937964732,426.2856987,27.75404644
2074,M,63,0.004907202,93370.18747,0.933701875,458.186324,26.87847599
2075,M,64,0.0052937,92912.00114,0.929120011,491.8482323,26.00855883
2076,M,65,0.005708657,92420.15291,0.924201529,527.5949797,25.14431212
2077,M,66,0.006160399,91892.55793,0.918925579,566.0947878,24.28580579
2078,M,67,0.006657604,91326.46314,0.913264631,608.0154146,23.43324411
2079,M,68,0.007208671,90718.44773,0.907184477,653.9594509,22.58694786
2080,M,69,0.007822454,90064.48828,0.900644883,704.525278,21.74732149
2081,M,70,0.008507849,89359.963,0.89359963,760.2610388,20.91483806
2082,M,71,0.009278433,88599.70196,0.88599702,822.0664365,20.09001479
2083,M,72,0.010149152,87777.63553,0.877776355,890.8685641,19.27348173
2084,M,73,0.011130588,86886.76696,0.86886767,967.1007625,18.46597024
2085,M,74,0.01223656,85919.6662,0.859196662,1051.361174,17.6681929
2086,M,75,0.013477984,84868.30502,0.84868305,1143.853684,16.88087503
2087,M,76,0.01486007,83724.45134,0.837244513,1244.151217,16.10467254
2088,M,77,0.016391505,82480.30012,0.824803001,1351.976289,15.3400569
2089,M,78,0.018095088,81128.32383,0.811283238,1468.024186,14.58736147
2090,M,79,0.020008444,79660.29965,0.796602996,1593.87865,13.84697118
2091,M,80,0.022187148,78066.421,0.78066421,1732.071272,13.11947569
2092,M,81,0.024700324,76334.34973,0.763343497,1885.483164,12.40581902
2093,M,82,0.027595535,74448.86656,0.744488666,2054.456295,11.70734438
2094,M,83,0.030902093,72394.41027,0.723944103,2237.1388,11.02539378
2095,M,84,0.034648343,70157.27147,0.701572715,2430.833227,10.3610221
2096,M,85,0.038858204,67726.43824,0.677264382,2631.72772,9.714953308
2097,M,86,0.043541187,65094.71052,0.650947105,2834.30097,9.087506591
2098,M,87,0.048715486,62260.40955,0.622604095,3033.046097,8.478438459
2099,M,88,0.054431672,59227.36345,0.592273635,3223.844412,7.887016019
2100,M,89,0.060758339,56003.51904,0.56003519,3402.680789,7.312249839
2101,M,90,0.068430919,52600.83825,0.526008383,3599.523711,6.752925547
2102,M,91,0.078341329,49001.31454,0.490013145,3838.828117,6.212251056
2103,M,92,0.090248136,45162.48642,0.451624864,4075.830212,5.697794517
2104,M,93,0.103770029,41086.65621,0.410866562,4263.563512,5.213420024
2105,M,94,0.118991586,36823.0927,0.368230927,4381.638186,4.759163582
2106,M,95,0.13593995,32441.45452,0.324414545,4410.089721,4.334418733
2107,M,96,0.154976385,28031.36479,0.280313648,4344.199587,3.937676218
2108,M,97,0.176738591,23687.16521,0.236871652,4186.436195,3.568142189
2109,M,98,0.201385235,19500.72901,0.19500729,3927.158903,3.226814052
2110,M,99,0.22861567,15573.57011,0.155735701,3560.362166,2.914429801
2111,M,100,0.258246323,12013.20794,0.120132079,3102.366781,2.629995914
2011,F,0,0.003708518,100000,1,370.8517681,89.71047552
2012,F,1,0.000258564,99629.14823,0.996291482,25.76047542,89.04254564
2013,F,2,0.000138378,99603.38776,0.996033878,13.78291567,88.06544544
2014,F,3,0.00012332,99589.60484,0.995896048,12.28136096,87.07756425
2015,F,4,7.23485E-05,99577.32348,0.995773235,7.204268033,86.08824228
2016,F,5,5.52751E-05,99570.11921,0.995701192,5.503749405,85.09443491
2017,F,6,7.42629E-05,99564.61546,0.995646155,7.393961096,84.09911114
2018,F,7,6.02326E-05,99557.2215,0.995572215,5.996591718,83.10531991
2019,F,8,5.58262E-05,99551.22491,0.995512249,5.557566007,82.11029575
2020,F,9,5.29191E-05,99545.66734,0.995456673,5.267863203,81.11485199
2021,F,10,5.27471E-05,99540.39948,0.995403995,5.250466382,80.11911828
2022,F,11,5.52391E-05,99535.14901,0.99535149,5.498235146,79.12331818
2023,F,12,6.04047E-05,99529.65078,0.995296508,6.012059968,78.1276615
2024,F,13,6.9528E-05,99523.63872,0.995236387,6.919678725,77.13235086
2025,F,14,8.12679E-05,99516.71904,0.99516719,8.087517844,76.13767933
2026,F,15,9.42312E-05,99508.63152,0.995086315,9.376814102,75.14382674
2027,F,16,0.000105746,99499.25471,0.994992547,10.52163179,74.15086118
2028,F,17,0.000117093,99488.73308,0.994887331,11.64946878,73.15865028
2029,F,18,0.000128775,99477.08361,0.994770836,12.81014461,72.16715912
2030,F,19,0.000134657,99464.27346,0.994642735,13.39357317,71.17638923
2031,F,20,0.00014006,99450.87989,0.994508799,13.92913664,70.18590759
2032,F,21,0.000143157,99436.95075,0.994369508,14.23511776,69.1956692
2033,F,22,0.000145637,99422.71564,0.994227156,14.47963264,68.20550489
2034,F,23,0.000149152,99408.236,0.99408236,14.82690128,67.21536676
2035,F,24,0.000154155,99393.4091,0.993934091,15.32198007,66.22531895
2036,F,25,0.000163809,99378.08712,0.993780871,16.27898281,65.23545239
2037,F,26,0.000177195,99361.80814,0.993618081,17.60644967,64.24605835
2038,F,27,0.000195941,99344.20169,0.993442017,19.46563743,63.25735586
2039,F,28,0.000219505,99324.73605,0.993247361,21.8023015,62.26965503
2040,F,29,0.000244164,99302.93375,0.993029338,24.24617285,61.28321677
2041,F,30,0.000270034,99278.68758,0.992786876,26.80863688,60.29806145
2042,F,31,0.000296133,99251.87894,0.992518789,29.3917401,59.31421333
2043,F,32,0.0003211,99222.4872,0.992224872,31.86030667,58.33163531
2044,F,33,0.000345924,99190.62689,0.991906269,34.31246272,57.35021099
2045,F,34,0.000373831,99156.31443,0.991563144,37.06773025,56.36988367
2046,F,35,0.000403567,99119.2467,0.991192467,40.00123494,55.39077739
2047,F,36,0.000438511,99079.24547,0.990792455,43.4473401,54.41293843
2048,F,37,0.000477532,99035.79813,0.990357981,47.29277441,53.43659022
2049,F,38,0.000518499,98988.50535,0.989885054,51.32543723,52.46188122
2050,F,39,0.000561357,98937.17991,0.989371799,55.53910595,51.48883738
2051,F,40,0.000605184,98881.64081,0.988816408,59.84155666,50.51747641
2052,F,41,0.000646053,98821.79925,0.988217993,63.84415613,49.5477645
2053,F,42,0.000688072,98757.9551,0.987579551,67.952564,48.57947246
2054,F,43,0.000730608,98690.00253,0.986900025,72.10372486,47.61257737
2055,F,44,0.000776923,98617.89881,0.986178988,76.61849222,46.64702337
2056,F,45,0.000828503,98541.28031,0.985412803,81.64173729,45.68290392
2057,F,46,0.000885208,98459.63858,0.984596386,87.1572809,44.72036913
2058,F,47,0.000946663,98372.4813,0.983724813,93.12560616,43.75954804
2059,F,48,0.001013466,98279.35569,0.982793557,99.60279031,42.80053907
2060,F,49,0.001086083,98179.7529,0.981797529,106.631312,41.84345272
2061,F,50,0.001165359,98073.12159,0.980731216,114.2904319,40.88840394
2062,F,51,0.001254275,97958.83116,0.979588312,122.8672761,39.93552586
2063,F,52,0.001351228,97835.96388,0.978359639,132.1987359,38.98505096
2064,F,53,0.001460482,97703.76514,0.977037651,142.6945689,38.03712341
2065,F,54,0.001583193,97561.07057,0.975610706,154.4579952,37.09202588
2066,F,55,0.001718856,97406.61258,0.974066126,167.4279739,36.15004998
2067,F,56,0.001866002,97239.18461,0.972391846,181.4485449,35.21143281
2068,F,57,0.002028246,97057.73606,0.970577361,196.8570021,34.27632551
2069,F,58,0.002210083,96860.87906,0.968608791,214.0706244,33.34497145
2070,F,59,0.002403821,96646.80843,0.966468084,232.3216098,32.41772236
2071,F,60,0.002600783,96414.48682,0.964144868,250.7531274,31.49463173
2072,F,61,0.002807458,96163.7337,0.961637337,269.9756414,30.57545222
2073,F,62,0.003026661,95893.75806,0.958937581,290.2379119,29.66012551
2074,F,63,0.003260735,95603.52014,0.956035201,311.7377171,28.74865126
2075,F,64,0.003514775,95291.78243,0.952917824,334.9292028,27.84106396
2076,F,65,0.003795348,94956.85322,0.949568532,360.3942742,26.93750061
2077,F,66,0.004108149,94596.45895,0.945964589,388.6163631,26.03822239
2078,F,67,0.004459317,94207.84259,0.942078426,420.102642,25.14357
2079,F,68,0.004851701,93787.73994,0.937877399,455.0301051,24.25395573
2080,F,69,0.005291413,93332.70984,0.933327098,493.861908,23.3697647
2081,F,70,0.005789657,92838.84793,0.928388479,537.5051022,22.49142181
2082,F,71,0.006354896,92301.34283,0.923013428,586.5654402,21.61948605
2083,F,72,0.006996569,91714.77739,0.917147774,641.6887765,20.75455655
2084,F,73,0.007726992,91073.08861,0.910730886,703.7210694,19.89726744
2085,F,74,0.008555644,90369.36754,0.903693675,773.1681117,19.04831714
2086,F,75,0.00948764,89596.19943,0.895961994,850.0564737,18.20837937
2087,F,76,0.010538001,88746.14296,0.88746143,935.2069591,17.37799939
2088,F,77,0.011723588,87810.936,0.87810936,1029.459247,16.55775402
2089,F,78,0.01307397,86781.47675,0.867814768,1134.578419,15.74824171
2090,F,79,0.0146188,85646.89833,0.856468983,1252.054863,14.95023766
2091,F,80,0.016392048,84394.84347,0.843948435,1383.404361,14.16461675
2092,F,81,0.01843932,83011.43911,0.830114391,1530.674514,13.39234068
2093,F,82,0.020814391,81480.76459,0.814807646,1695.972517,12.63453253
2094,F,83,0.023571822,79784.79208,0.797847921,1880.672884,11.89247434
2095,F,84,0.026758438,77904.11919,0.779041192,2084.59256,11.16749853
2096,F,85,0.030421126,75819.52663,0.758195266,2306.515401,10.46079221
2097,F,86,0.034601907,73513.01123,0.735130112,2543.690373,9.773318121
2098,F,87,0.039348414,70969.32086,0.709693209,2792.530213,9.105693431
2099,F,88,0.044712976,68176.79065,0.681767906,3048.387179,8.458183753
2100,F,89,0.050746186,65128.40347,0.651284035,3305.018066,7.830672929
2101,F,90,0.058055914,61823.3854,0.618233854,3589.213168,7.222563576
2102,F,91,0.067412729,58234.17223,0.582341722,3925.724473,6.636903005
2103,F,92,0.078630679,54308.44776,0.543084478,4270.310149,6.08051337
2104,F,93,0.09138248,50038.13761,0.500381376,4572.609116,5.556760569
2105,F,94,0.105727827,45465.52849,0.454655285,4806.971544,5.065334652
2106,F,95,0.121855927,40658.55695,0.40658557,4954.48614,4.605084102
2107,F,96,0.140282113,35704.07081,0.357040708,5008.642485,4.174727334
2108,F,97,0.161495698,30695.42833,0.306954283,4957.179608,3.774340907
2109,F,98,0.185593625,25738.24872,0.257382487,4776.854891,3.404978063
2110,F,99,0.212399068,20961.39383,0.209613938,4452.180503,3.066988365
2111,F,100,0.241870852,16509.21332,0.165092133,3993.0975,2.759250033
