sex,year,age,qx,lx,lx/l0,dx,ex
M,2060,0,0.002068475,100000,1,206.847508,92.12964046
M,2061,1,0.000191243,99793.15249,0.997931525,19.08478298,91.31956695
M,2062,2,8.76095E-05,99774.06771,0.997740677,8.741154281,90.33693891
M,2063,3,4.62844E-05,99765.32655,0.997653266,4.617582771,89.34481017
M,2064,4,4.0428E-05,99760.70897,0.99760709,4.033126233,88.34892249
M,2065,5,3.88282E-05,99756.67585,0.997566758,3.873369847,87.35247419
M,2066,6,3.65873E-05,99752.80248,0.997528025,3.64968472,86.35584665
M,2067,7,3.30074E-05,99749.15279,0.997491528,3.292459357,85.358988
M,2068,8,2.87701E-05,99745.86033,0.997458603,2.86970266,84.36178906
M,2069,9,2.72957E-05,99742.99063,0.997429906,2.722556695,83.36420185
M,2070,10,2.71922E-05,99740.26807,0.997402681,2.712159077,82.36646375
M,2071,11,2.84385E-05,99737.55591,0.997375559,2.836383277,81.36868994
M,2072,12,3.37135E-05,99734.71953,0.997347195,3.362406862,80.37098979
M,2073,13,4.02914E-05,99731.35712,0.997313571,4.018313586,79.37368261
M,2074,14,4.74615E-05,99727.33881,0.997273388,4.733212892,78.37686066
M,2075,15,5.71849E-05,99722.6056,0.997226056,5.702631341,77.380557
M,2076,16,7.00958E-05,99716.90297,0.99716903,6.989731865,76.38495366
M,2077,17,8.67006E-05,99709.91323,0.997099132,8.644911572,75.39027324
M,2078,18,0.000104907,99701.26832,0.997012683,10.45934878,74.39676684
M,2079,19,0.000121157,99690.80897,0.99690809,12.07820854,73.40451993
M,2080,20,0.00013604,99678.73076,0.996787308,13.56026775,72.41335387
M,2081,21,0.000147498,99665.1705,0.996651705,14.70046054,71.42313828
M,2082,22,0.000153932,99650.47004,0.9965047,15.33938093,70.43360088
M,2083,23,0.000156719,99635.13066,0.996351307,15.61468183,69.44436754
M,2084,24,0.00015984,99619.51597,0.99619516,15.92314095,68.4551741
M,2085,25,0.000165671,99603.59283,0.996035928,16.50138122,67.46603776
M,2086,26,0.000173432,99587.09145,0.995870915,17.27162318,66.4771339
M,2087,27,0.00018435,99569.81983,0.995698198,18.35573007,65.48857846
M,2088,28,0.000197767,99551.4641,0.995514641,19.68803488,64.50056133
M,2089,29,0.000214099,99531.77606,0.995317761,21.30962415,63.51322106
M,2090,30,0.000231697,99510.46644,0.995104664,23.05627167,62.526715
M,2091,31,0.000251201,99487.41017,0.994874102,24.99130996,61.54108973
M,2092,32,0.000272444,99462.41886,0.994624189,27.09797262,60.55642715
M,2093,33,0.000296867,99435.32088,0.994353209,29.51903637,59.57279364
M,2094,34,0.000323284,99405.80185,0.994058018,32.13631257,58.5903356
M,2095,35,0.000352758,99373.66554,0.993736655,35.05482116,57.60912135
M,2096,36,0.000386461,99338.61071,0.993386107,38.39045565,56.62927414
M,2097,37,0.000423825,99300.22026,0.993002203,42.08589394,55.65097427
M,2098,38,0.000464743,99258.13437,0.992581344,46.12955205,54.67435853
M,2099,39,0.000509286,99212.00481,0.992120048,50.52726701,53.69954741
M,2100,40,0.00055581,99161.47755,0.991614775,55.11498431,52.72665499
M,2101,41,0.00060179,99106.36256,0.991063626,59.64117598,51.75569925
M,2102,42,0.000649867,99046.72139,0.990467214,64.3672306,50.78656297
M,2103,43,0.000697641,98982.35416,0.989823542,69.05411373,49.81926382
M,2104,44,0.00074334,98913.30004,0.989133,73.52616366,48.85369496
M,2105,45,0.000790735,98839.77388,0.988397739,78.15610799,47.88966491
M,2106,46,0.000838229,98761.61777,0.987616178,82.78484834,46.92716725
M,2107,47,0.00088267,98678.83292,0.986788329,87.1008073,45.9661165
M,2108,48,0.000925932,98591.73211,0.985917321,91.28926708,45.00628351
M,2109,49,0.00097028,98500.44285,0.985004428,95.57296338,44.04753151
M,2110,50,0.001016885,98404.86988,0.984048699,100.0664599,43.08982582
M,2111,51,0.001067296,98304.80342,0.983048034,104.9202775,42.13317888
M,2112,52,0.001121967,98199.88315,0.981998831,110.1770562,41.17766126
M,2113,53,0.001189054,98089.70609,0.980897061,116.6339582,40.22335153
M,2114,54,0.001271337,97973.07213,0.979730721,124.5568365,39.27064097
M,2115,55,0.001372664,97848.5153,0.978485153,134.3131526,38.31999428
M,2116,56,0.001494932,97714.20214,0.977142021,146.0761319,37.37197979
M,2117,57,0.001636153,97568.12601,0.97568126,159.6363853,36.42718343
M,2118,58,0.001795583,97408.48963,0.974084896,174.9050565,35.48606214
M,2119,59,0.001965193,97233.58457,0.972335846,191.0827612,34.54899553
M,2120,60,0.002141433,97042.50181,0.970425018,207.8100478,33.61604013
M,2121,61,0.002324973,96834.69176,0.968346918,225.1379967,32.68710811
M,2122,62,0.002516518,96609.55376,0.966095538,243.1196914,31.76211665
M,2123,63,0.002717821,96366.43407,0.963664341,261.906761,30.84098681
M,2124,64,0.002930709,96104.52731,0.961045273,281.6543599,29.92367292
M,2125,65,0.003161252,95822.87295,0.95822873,302.9202925,29.01015859
M,2126,66,0.0034133,95519.95266,0.955199527,326.0382271,28.10057222
M,2127,67,0.003688853,95193.91443,0.951939144,351.1563318,27.19510391
M,2128,68,0.00399396,94842.7581,0.948427581,378.798197,26.29394282
M,2129,69,0.004334266,94463.9599,0.944639599,409.431942,25.39737591
M,2130,70,0.004714961,94054.52796,0.94054528,443.4634025,24.50575752
M,2131,71,0.005143735,93611.06456,0.936110646,481.5104653,23.61947992
M,2132,72,0.005627065,93129.55409,0.931295541,524.0460609,22.73901524
M,2133,73,0.006172169,92605.50803,0.92605508,571.5768902,21.86486378
M,2134,74,0.006787853,92033.93114,0.920339311,624.7127972,20.99755031
M,2135,75,0.007479879,91409.21834,0.914092183,683.7299173,20.13763555
M,2136,76,0.008250106,90725.48843,0.907254884,748.4949048,19.28562967
M,2137,77,0.00910409,89976.99352,0.899769935,819.1586275,18.44190237
M,2138,78,0.010055841,89157.8349,0.891578349,896.5570054,17.60674783
M,2139,79,0.011124361,88261.27789,0.882612779,981.8503615,16.78051797
M,2140,80,0.01234201,87279.42753,0.872794275,1077.203531,15.96366574
M,2141,81,0.013749714,86202.224,0.86202224,1185.255888,15.15690339
M,2142,82,0.015374997,85016.96811,0.850169681,1307.135621,14.3612412
M,2143,83,0.017233052,83709.83249,0.837098325,1442.575899,13.57768557
M,2144,84,0.0193407,82267.25659,0.822672566,1591.106313,12.8070059
M,2145,85,0.021714751,80676.15028,0.806761503,1751.862502,12.04972639
M,2146,86,0.024362488,78924.28777,0.789242878,1922.792007,11.30609275
M,2147,87,0.027296267,77001.49577,0.770014958,2101.853372,10.57592996
M,2148,88,0.030547573,74899.64239,0.748996424,2288.002265,9.858683343
M,2149,89,0.034158903,72611.64013,0.726116401,2480.333985,9.153576678
M,2150,90,0.038654861,70131.30614,0.701313061,2710.915897,8.459627734
M,2151,91,0.045588722,67420.39025,0.674203902,3073.609413,7.779677519
M,2152,92,0.054218829,64346.78083,0.643467808,3488.807109,7.12740098
M,2153,93,0.064367983,60857.97373,0.608579737,3917.305003,6.507330219
M,2154,94,0.076215254,56940.66872,0.569406687,4339.747503,5.920612066
M,2155,95,0.089905829,52600.92122,0.526009212,4729.129434,5.367830235
M,2156,96,0.105829094,47871.79179,0.478717918,5066.228362,4.848710485
M,2157,97,0.124627289,42805.56342,0.428055634,5334.741327,4.363399667
M,2158,98,0.14663134,37470.8221,0.374708221,5494.396844,3.913433979
M,2159,99,0.171845826,31976.42525,0.319764253,5495.015211,3.499952351
M,2160,100,0.200296948,26481.41004,0.2648141,5304.145619,3.122456356
F,2060,0,0.001695523,100000,1,169.552316,94.1136146
F,2061,1,0.000171432,99830.44768,0.998304477,17.11412152,93.27260823
F,2062,2,7.78452E-05,99813.33356,0.998133336,7.769992843,92.28851514
F,2063,3,4.2667E-05,99805.56357,0.998055636,4.258399697,91.29566099
F,2064,4,3.65497E-05,99801.30517,0.998013052,3.647706336,90.29953513
F,2065,5,3.34441E-05,99797.65746,0.997976575,3.337637917,89.3028174
F,2066,6,3.03965E-05,99794.31983,0.997943198,3.033402747,88.30578742
F,2067,7,2.73945E-05,99791.28642,0.997912864,2.73373577,87.3084565
F,2068,8,2.58579E-05,99788.55269,0.997885527,2.580322802,86.31083464
F,2069,9,2.36245E-05,99785.97236,0.997859724,2.357390638,85.31305358
F,2070,10,2.42555E-05,99783.61497,0.99783615,2.420303447,84.3150573
F,2071,11,2.701E-05,99781.19467,0.997811947,2.695088965,83.31709032
F,2072,12,2.90248E-05,99778.49958,0.997784996,2.896053017,82.31932727
F,2073,13,3.52472E-05,99775.60353,0.997756035,3.516814602,81.32170213
F,2074,14,4.21356E-05,99772.08671,0.997720867,4.203961084,80.32455097
F,2075,15,4.89623E-05,99767.88275,0.997678828,4.88486596,79.32791457
F,2076,16,5.50304E-05,99762.99789,0.997629979,5.489999952,78.33177436
F,2077,17,6.16848E-05,99757.50789,0.997575079,6.1535267,77.33605771
F,2078,18,6.67905E-05,99751.35436,0.997513544,6.662441041,76.34079762
F,2079,19,7.08776E-05,99744.69192,0.997446919,7.069659989,75.34586341
F,2080,20,7.53463E-05,99737.62226,0.997376223,7.514861365,74.35116867
F,2081,21,7.85828E-05,99730.1074,0.997301074,7.837073851,73.35673351
F,2082,22,7.98213E-05,99722.27032,0.997222703,7.959965088,72.36245924
F,2083,23,8.15859E-05,99714.31036,0.997143104,8.135279737,71.36819586
F,2084,24,8.54494E-05,99706.17508,0.997061751,8.519831252,70.37397818
F,2085,25,9.01479E-05,99697.65525,0.996976552,8.987535999,69.37994937
F,2086,26,9.74359E-05,99688.66771,0.996886677,9.713254161,68.38615932
F,2087,27,0.000107864,99678.95446,0.996789545,10.75180821,67.39277451
F,2088,28,0.000120795,99668.20265,0.996682026,12.03942728,66.39999064
F,2089,29,0.000135565,99656.16322,0.996561632,13.50992271,65.40795199
F,2090,30,0.000149697,99642.6533,0.996426533,14.9162312,64.41675245
F,2091,31,0.000162707,99627.73707,0.996277371,16.21014565,63.42632205
F,2092,32,0.000177624,99611.52692,0.996115269,17.69341069,62.43656228
F,2093,33,0.000191202,99593.83351,0.995938335,19.04249695,61.44756566
F,2094,34,0.000206682,99574.79101,0.99574791,20.58035732,60.45922116
F,2095,35,0.0002228,99554.21066,0.995542107,22.18064301,59.47161624
F,2096,36,0.000241314,99532.03001,0.9953203,24.01842714,58.48475802
F,2097,37,0.000262886,99508.01159,0.995080116,26.1592815,57.49875391
F,2098,38,0.000287043,99481.85231,0.994818523,28.55559281,56.51374203
F,2099,39,0.000309979,99453.29671,0.994532967,30.82847528,55.52982501
F,2100,40,0.000334635,99422.46824,0.994224682,33.27018916,54.54688842
F,2101,41,0.000357415,99389.19805,0.99389198,35.52317161,53.56498042
F,2102,42,0.000379526,99353.67488,0.993536749,37.70727345,52.58395342
F,2103,43,0.000404058,99315.9676,0.993159676,40.12938424,51.60372812
F,2104,44,0.000430539,99275.83822,0.992758382,42.74208649,50.62438532
F,2105,45,0.000457542,99233.09613,0.992330961,45.40335537,49.6459751
F,2106,46,0.000489354,99187.69278,0.991876928,48.53788601,48.66847177
F,2107,47,0.000523596,99139.15489,0.991391549,51.90891356,47.69205474
F,2108,48,0.000560272,99087.24598,0.99087246,55.51577908,46.71677728
F,2109,49,0.000601145,99031.7302,0.990317302,59.53241061,45.74268574
F,2110,50,0.000645107,98972.19779,0.989721978,63.84761792,44.76989951
F,2111,51,0.000694012,98908.35017,0.989083502,68.64358814,43.79847675
F,2112,52,0.000747331,98839.70658,0.988397066,73.86593796,42.82854728
F,2113,53,0.000807567,98765.84064,0.987658406,79.7599932,41.86020436
F,2114,54,0.000875279,98686.08065,0.986860807,86.37781983,40.89363248
F,2115,55,0.000950503,98599.70283,0.985997028,93.71928106,39.92901913
F,2116,56,0.001032441,98505.98355,0.985059836,101.7015718,38.96653218
F,2117,57,0.001122274,98404.28198,0.98404282,110.4366133,38.00628763
F,2118,58,0.001222709,98293.84536,0.982938454,120.1847662,37.04842727
F,2119,59,0.001329663,98173.6606,0.981736606,130.537913,36.09317007
F,2120,60,0.00143914,98043.12269,0.980431227,141.097738,35.14056001
F,2121,61,0.001553297,97902.02495,0.979020249,152.070964,34.19048446
F,2122,62,0.001674396,97749.95398,0.97749954,163.6721684,33.24289722
F,2123,63,0.001803512,97586.28182,0.975862818,175.9980523,32.29781376
F,2124,64,0.001944263,97410.28376,0.974102838,189.3912138,31.35526512
F,2125,65,0.002099845,97220.89255,0.972208925,204.1488084,30.41537273
F,2126,66,0.002273147,97016.74374,0.970167437,220.5332819,29.47832257
F,2127,67,0.002468302,96796.21046,0.967962105,238.9223102,28.54434462
F,2128,68,0.002686499,96557.28815,0.965572881,259.4010897,27.61373782
F,2129,69,0.002930505,96297.88706,0.962978871,282.2014132,26.68677508
F,2130,70,0.003206536,96015.68565,0.960156856,307.877752,25.76374109
F,2131,71,0.003519837,95707.80789,0.957078079,336.8759068,24.84501078
F,2132,72,0.003876048,95370.93199,0.95370932,369.6622848,23.93100394
F,2133,73,0.004281438,95001.2697,0.950012697,406.742048,23.02217702
F,2134,74,0.004742073,94594.52765,0.945945277,448.5741859,22.11901895
F,2135,75,0.005261014,94145.95347,0.941459535,495.3032192,21.22202639
F,2136,76,0.005844907,93650.65025,0.936506502,547.3793517,20.33162185
F,2137,77,0.00650565,93103.2709,0.931032709,605.6972645,19.44821733
F,2138,78,0.007257275,92497.57363,0.924975736,671.2803043,18.572295
F,2139,79,0.008118074,91826.29333,0.918262933,745.4526706,17.7044094
F,2140,80,0.009107186,91080.84066,0.910808407,829.4901853,16.84521918
F,2141,81,0.010249227,90251.35047,0.902513505,925.0065502,15.99544628
F,2142,82,0.011576466,89326.34392,0.893263439,1034.08336,15.15590723
F,2143,83,0.013119912,88292.26056,0.882922606,1158.386732,14.32755794
F,2144,84,0.014907482,87133.87383,0.871338738,1298.946617,13.5113861
F,2145,85,0.016964961,85834.92721,0.858349272,1456.186162,12.70828842
F,2146,86,0.019317845,84378.74105,0.843787411,1630.015401,11.91897585
F,2147,87,0.021996494,82748.72565,0.827487257,1820.181867,11.14391112
F,2148,88,0.025032673,80928.54378,0.809285438,2025.857767,10.38330569
F,2149,89,0.028457548,78902.68602,0.78902686,2245.376984,9.637063484
F,2150,90,0.032711053,76657.30903,0.76657309,2507.5413,8.904698134
F,2151,91,0.039126872,74149.76773,0.741497677,2901.248485,8.188921919
F,2152,92,0.04711321,71248.51925,0.712485192,3356.746425,7.502015768
F,2153,93,0.056526305,67891.77282,0.678917728,3837.671034,6.8482137
F,2154,94,0.067522094,64054.10179,0.640541018,4325.067097,6.228553993
F,2155,95,0.080350444,59729.03469,0.597290347,4799.254454,5.643366999
F,2156,96,0.095508921,54929.78024,0.549297802,5246.284057,5.092746677
F,2157,97,0.113547157,49683.49618,0.496834962,5641.419763,4.577713628
F,2158,98,0.134749681,44042.07642,0.440420764,5934.655755,4.100034466
F,2159,99,0.159209754,38107.42066,0.381074207,6067.073079,3.660685512
F,2160,100,0.187099108,32040.34758,0.320403476,5994.720442,3.259184325
